1.00000000000007,0.173737100563667,0.18508466614658,0.335426710544258,0.260060820150273,0.219243139847515,-0.0751809748751516,0.203840899728758,0.270776784511619,0.301731007632868
0.173737100563667,1,0.0881613990227706,0.241013168780597,0.0352768191755297,0.142637257033499,-0.379089629227345,0.332115093082956,0.149917557034364,0.208133216200402
0.18508466614658,0.0881613990227706,1.00000000000019,0.395415321162308,0.249777421742437,0.261169911164448,-0.366810978405077,0.413806601831469,0.446158648246721,0.3886799939001
0.335426710544258,0.241013168780597,0.395415321162308,1.00000000000002,0.242469708939539,0.185557826238418,-0.178761207135212,0.257653366228087,0.393478139337219,0.39042938039898
0.260060820150273,0.0352768191755297,0.249777421742437,0.242469708939539,1.00000000000001,0.896662957810488,0.0515193643148226,0.54220728052323,0.515500761933498,0.325716753060731
0.219243139847515,0.142637257033499,0.261169911164448,0.185557826238418,0.896662957810488,0.999999999999985,-0.196455123744184,0.659816888666622,0.318353398757384,0.29060037549706
-0.0751809748751516,-0.379089629227345,-0.366810978405077,-0.178761207135212,0.0515193643148226,-0.196455123744184,1.00000000000007,-0.73849272925839,-0.398577004504023,-0.273697301475868
0.203840899728758,0.332115093082956,0.413806601831469,0.257653366228087,0.54220728052323,0.659816888666622,-0.73849272925839,0.999999999999951,0.61785739173747,0.417212113712216
0.270776784511619,0.149917557034364,0.446158648246721,0.393478139337219,0.515500761933498,0.318353398757384,-0.398577004504023,0.61785739173747,1.00000000000013,0.46467045613875
0.301731007632868,0.208133216200402,0.3886799939001,0.39042938039898,0.325716753060731,0.29060037549706,-0.273697301475868,0.417212113712216,0.46467045613875,1.00000000000012
